Question 1: 
[22, 27, 16, 2, 18, 6] – Insertion Sort
For 22 
[22, 27, 16, 2, 18, 6]
For 27
[22, 27, 16, 2, 18, 6]
For 16
[22, 16, 27, 2, 18, 6]
[16, 22, 27, 2, 18, 6]
For 2
[16, 22, 2, 27, 18, 6]
[16, 2, 22, 27, 18, 6]
[2, 16, 22, 27, 18, 6]
For 18 
[2, 16, 22, 18, 27, 6]
[2, 16, 18, 22, 27, 6]
For 6
[2, 16, 18, 22, 6, 27]
[2, 16, 18, 6, 22, 27]
[2, 16, 6, 18, 22, 27]
[2, 6, 16, 18, 22, 27]

Big-O Notation for Average and Worst Case --> O(n^2), for Best Case --> O(n) 
18 is the Worst Case Scenario

Question 2: 

[7, 3, 5, 8, 2, 9, 4, 15, 6]  
First Step:
[2, 3, 5, 8, 7, 9, 4, 15, 6]
Second Step:
[2, 3, 5, 8, 7, 9, 4, 15, 6]
Third Step:
[2, 3, 4, 8, 7, 9, 5, 15, 6]
Forth Step:
[2, 3, 4, 6, 7, 9, 5, 15, 8]

